25
2 8 5 1 9 3 7 4 0 6 2 8 5 1 9 3 7 4 0 6 2 8 5 1 9
6 0 3 7 4 8 1 9 5 2 6 0 3 7 4 8 1 9 5 2 6 0 3 7 4
1 9 5 2 6 0 3 7 4 8 1 9 5 2 6 0 3 7 4 8 1 9 5 2 6
4 8 1 9 5 2 6 0 3 7 4 8 1 9 5 2 6 0 3 7 4 8 1 9 5
7 4 0 6 2 8 5 1 9 3 7 4 0 6 2 8 5 1 9 3 7 4 0 6 2
3 7 4 8 1 9 5 2 6 0 3 7 4 8 1 9 5 2 6 0 3 7 4 8 1
9 5 2 6 0 3 7 4 8 1 9 5 2 6 0 3 7 4 8 1 9 5 2 6 0
5 2 6 0 3 7 4 8 1 9 5 2 6 0 3 7 4 8 1 9 5 2 6 0 3
8 1 9 5 2 6 0 3 7 4 8 1 9 5 2 6 0 3 7 4 8 1 9 5 2
0 6 2 8 5 1 9 3 7 4 0 6 2 8 5 1 9 3 7 4 0 6 2 8 5
2 8 5 1 9 3 7 4 0 6 2 8 5 1 9 3 7 4 0 6 2 8 5 1 9
6 0 3 7 4 8 1 9 5 2 6 0 3 7 4 8 1 9 5 2 6 0 3 7 4
1 9 5 2 6 0 3 7 4 8 1 9 5 2 6 0 3 7 4 8 1 9 5 2 6
4 8 1 9 5 2 6 0 3 7 4 8 1 9 5 2 6 0 3 7 4 8 1 9 5
7 4 0 6 2 8 5 1 9 3 7 4 0 6 2 8 5 1 9 3 7 4 0 6 2
3 7 4 8 1 9 5 2 6 0 3 7 4 8 1 9 5 2 6 0 3 7 4 8 1
9 5 2 6 0 3 7 4 8 1 9 5 2 6 0 3 7 4 8 1 9 5 2 6 0
5 2 6 0 3 7 4 8 1 9 5 2 6 0 3 7 4 8 1 9 5 2 6 0 3
8 1 9 5 2 6 0 3 7 4 8 1 9 5 2 6 0 3 7 4 8 1 9 5 2
0 6 2 8 5 1 9 3 7 4 0 6 2 8 5 1 9 3 7 4 0 6 2 8 5
2 8 5 1 9 3 7 4 0 6 2 8 5 1 9 3 7 4 0 6 2 8 5 1 9
6 0 3 7 4 8 1 9 5 2 6 0 3 7 4 8 1 9 5 2 6 0 3 7 4
1 9 5 2 6 0 3 7 4 8 1 9 5 2 6 0 3 7 4 8 1 9 5 2 6
4 8 1 9 5 2 6 0 3 7 4 8 1 9 5 2 6 0 3 7 4 8 1 9 5
7 4 0 6 2 8 5 1 9 3 7 4 0 6 2 8 5 1 9 3 7 4 0 6 2