25
7 3 9 2 5 8 1 4 6 0 3 7 2 9 5 1 8 4 6 0 2 5 3 7 9
4 6 1 8 0 3 7 9 2 5 8 1 4 6 0 3 7 9 2 5 8 1 4 6 0
9 2 5 3 7 1 4 6 8 0 9 2 5 3 7 1 4 6 8 0 9 2 5 3 7
1 8 4 6 0 9 2 5 3 7 1 8 4 6 0 9 2 5 3 7 1 8 4 6 0
5 0 3 7 9 2 8 1 4 6 5 0 3 7 9 2 8 1 4 6 5 0 3 7 9
6 9 2 5 3 7 1 4 8 0 6 9 2 5 3 7 1 4 8 0 6 9 2 5 3
3 7 1 4 6 8 0 9 2 5 3 7 1 4 6 8 0 9 2 5 3 7 1 4 6
8 1 4 6 0 9 2 5 3 7 8 1 4 6 0 9 2 5 3 7 8 1 4 6 0
2 5 3 7 9 1 4 6 8 0 2 5 3 7 9 1 4 6 8 0 2 5 3 7 9
0 9 2 5 3 7 1 4 6 8 0 9 2 5 3 7 1 4 6 8 0 9 2 5 3
4 6 8 1 0 9 2 5 3 7 4 6 8 1 0 9 2 5 3 7 4 6 8 1 0
7 3 9 2 5 8 1 4 6 0 7 3 9 2 5 8 1 4 6 0 7 3 9 2 5
1 8 4 6 0 3 7 9 2 5 1 8 4 6 0 3 7 9 2 5 1 8 4 6 0
5 0 3 7 9 2 8 1 4 6 5 0 3 7 9 2 8 1 4 6 5 0 3 7 9
9 2 5 3 7 1 4 6 8 0 9 2 5 3 7 1 4 6 8 0 9 2 5 3 7
6 9 2 5 3 7 1 4 8 0 6 9 2 5 3 7 1 4 8 0 6 9 2 5 3
3 7 1 4 6 8 0 9 2 5 3 7 1 4 6 8 0 9 2 5 3 7 1 4 6
8 1 4 6 0 9 2 5 3 7 8 1 4 6 0 9 2 5 3 7 8 1 4 6 0
2 5 3 7 9 1 4 6 8 0 2 5 3 7 9 1 4 6 8 0 2 5 3 7 9
0 9 2 5 3 7 1 4 6 8 0 9 2 5 3 7 1 4 6 8 0 9 2 5 3
4 6 8 1 0 9 2 5 3 7 4 6 8 1 0 9 2 5 3 7 4 6 8 1 0
7 3 9 2 5 8 1 4 6 0 7 3 9 2 5 8 1 4 6 0 7 3 9 2 5
1 8 4 6 0 3 7 9 2 5 1 8 4 6 0 3 7 9 2 5 1 8 4 6 0
5 0 3 7 9 2 8 1 4 6 5 0 3 7 9 2 8 1 4 6 5 0 3 7 9
9 2 5 3 7 1 4 6 8 0 9 2 5 3 7 1 4 6 8 0 9 2 5 3 7